[
    [
        0.0,
        0.0,
        0.0
    ],
    [
        -0.00088,
        -0.03012,
        0.38664
    ],
    [
        -0.00175,
        -0.06024,
        0.77328
    ],
    [
        -0.00263,
        -0.09036,
        1.15992
    ],
    [
        -0.00495,
        0.07535,
        1.19358
    ],
    [
        -0.02818,
        -0.1247,
        1.27143
    ],
    [
        -0.02073,
        0.06034,
        1.2156
    ],
    [
        -0.01871,
        0.06236,
        1.28849
    ],
    [
        -0.01668,
        0.06438,
        1.36138
    ],
    [
        -0.01465,
        0.0664,
        1.43426
    ],
    [
        -0.01262,
        0.06841,
        1.50715
    ],
    [
        -0.01059,
        0.07043,
        1.58004
    ],
    [
        -0.00856,
        0.07245,
        1.65293
    ],
    [
        -0.00653,
        0.07446,
        1.72581
    ],
    [
        -0.0045,
        0.07648,
        1.7987
    ],
    [
        -0.00247,
        0.0785,
        1.87159
    ],
    [
        0.11443,
        -0.00745,
        1.82107
    ],
    [
        -0.02252,
        -0.09909,
        1.91397
    ],
    [
        0.09604,
        0.02705,
        2.0613
    ],
    [
        -0.05503,
        0.01064,
        2.18712
    ],
    [
        -0.0489,
        -0.03355,
        2.19547
    ],
    [
        -0.04276,
        -0.07774,
        2.20381
    ],
    [
        -0.03072,
        -0.08094,
        2.27303
    ],
    [
        -0.01868,
        -0.08413,
        2.34225
    ],
    [
        0.01973,
        -0.07217,
        2.39148
    ],
    [
        0.05815,
        -0.06021,
        2.44071
    ],
    [
        -0.04361,
        0.09176,
        2.52257
    ],
    [
        0.00907,
        0.06344,
        2.5871
    ],
    [
        0.06175,
        0.03513,
        2.65164
    ],
    [
        0.11443,
        0.00682,
        2.71617
    ],
    [
        0.0925,
        0.03609,
        2.74395
    ],
    [
        0.07056,
        0.06536,
        2.77172
    ],
    [
        -0.07007,
        -0.06646,
        2.83718
    ],
    [
        0.13158,
        0.00195,
        2.92819
    ],
    [
        0.10583,
        0.01235,
        3.0217
    ],
    [
        0.08007,
        0.02275,
        3.11521
    ],
    [
        -0.1037,
        -0.03564,
        3.10732
    ],
    [
        0.11127,
        -0.02175,
        3.25064
    ],
    [
        0.11741,
        0.01554,
        3.28213
    ],
    [
        0.12355,
        0.05284,
        3.31363
    ],
    [
        0.08545,
        0.06,
        3.31822
    ],
    [
        0.04735,
        0.06716,
        3.32282
    ],
    [
        -0.10647,
        -0.03079,
        3.44579
    ],
    [
        -0.00698,
        -0.0517,
        3.43551
    ],
    [
        -0.0474,
        0.10736,
        3.47995
    ],
    [
        -0.04133,
        0.10519,
        3.58421
    ],
    [
        -0.03526,
        0.10303,
        3.68847
    ],
    [
        -0.02919,
        0.10086,
        3.79272
    ],
    [
        -0.02311,
        0.0987,
        3.89698
    ],
    [
        -0.02717,
        0.13615,
        4.01816
    ],
    [
        -0.03124,
        0.17361,
        4.13934
    ],
    [
        -0.05406,
        -0.04998,
        4.11232
    ],
    [
        0.09884,
        -0.05193,
        4.2005
    ],
    [
        0.09859,
        0.17877,
        4.19393
    ],
    [
        -0.10928,
        0.11363,
        4.28659
    ],
    [
        -0.0328,
        -0.08253,
        4.21866
    ],
    [
        0.11377,
        -0.0117,
        4.21163
    ],
    [
        -0.0511,
        0.20855,
        4.13665
    ],
    [
        -0.08476,
        0.00297,
        4.07184
    ],
    [
        0.01125,
        0.00531,
        3.94655
    ],
    [
        0.10726,
        0.00766,
        3.82127
    ],
    [
        0.06216,
        0.1468,
        4.00934
    ],
    [
        -0.11292,
        -0.01896,
        3.94479
    ],
    [
        -0.01553,
        0.07685,
        3.90012
    ],
    [
        0.08186,
        0.17266,
        3.85545
    ],
    [
        0.07242,
        0.10253,
        3.81431
    ],
    [
        0.06297,
        0.03239,
        3.77317
    ],
    [
        0.05352,
        -0.03775,
        3.73202
    ],
    [
        -0.05504,
        0.03478,
        3.72959
    ],
    [
        -0.16361,
        0.10731,
        3.72716
    ],
    [
        -0.0966,
        -0.03952,
        3.77573
    ],
    [
        -0.014,
        0.00112,
        3.70458
    ],
    [
        0.06859,
        0.04177,
        3.63342
    ],
    [
        -0.00808,
        0.06864,
        3.63346
    ],
    [
        -0.08475,
        0.0955,
        3.63349
    ],
    [
        -0.16142,
        0.12237,
        3.63353
    ],
    [
        -0.2929,
        -0.10647,
        3.69609
    ],
    [
        -0.13471,
        -0.18583,
        3.58138
    ],
    [
        -0.00759,
        -0.29406,
        3.61543
    ],
    [
        0.09952,
        -0.25561,
        3.60062
    ],
    [
        0.20664,
        -0.21716,
        3.58581
    ],
    [
        0.30081,
        -0.05776,
        3.59417
    ],
    [
        0.30171,
        0.10172,
        3.66358
    ],
    [
        0.23933,
        0.17489,
        3.63603
    ],
    [
        0.02707,
        0.18941,
        3.60475
    ],
    [
        -0.03552,
        0.14098,
        3.53459
    ],
    [
        -0.0981,
        0.09254,
        3.46444
    ],
    [
        -0.05352,
        -0.02963,
        3.31537
    ],
    [
        -0.08106,
        0.027,
        3.16363
    ],
    [
        0.04141,
        -0.06775,
        3.01175
    ],
    [
        0.02935,
        -0.07413,
        2.86351
    ],
    [
        0.01729,
        -0.08052,
        2.71527
    ],
    [
        0.00523,
        -0.0869,
        2.56703
    ],
    [
        -0.05354,
        -0.00441,
        2.45248
    ],
    [
        -0.09406,
        -0.01559,
        2.30289
    ],
    [
        -0.13459,
        -0.02678,
        2.1533
    ],
    [
        -0.16932,
        -0.04456,
        2.01032
    ],
    [
        -0.20406,
        -0.06235,
        1.86735
    ],
    [
        -0.16152,
        -0.05914,
        1.81013
    ],
    [
        -0.24646,
        0.03768,
        1.65616
    ],
    [
        -0.12478,
        -0.26336,
        1.31047
    ],
    [
        -0.16162,
        -0.22032,
        1.11788
    ],
    [
        -0.14832,
        -0.34092,
        1.033
    ],
    [
        0.06141,
        -0.41939,
        1.00213
    ],
    [
        0.14531,
        -0.25905,
        1.06915
    ],
    [
        0.22922,
        -0.09871,
        1.13616
    ],
    [
        0.21076,
        0.03069,
        1.03561
    ],
    [
        0.1923,
        0.16009,
        0.93506
    ],
    [
        0.28529,
        0.29159,
        1.06268
    ],
    [
        0.14717,
        0.23187,
        0.98381
    ],
    [
        -0.03722,
        0.24317,
        0.97196
    ],
    [
        -0.22161,
        0.25447,
        0.96012
    ],
    [
        -0.27663,
        0.14374,
        1.15346
    ],
    [
        -0.30802,
        0.01938,
        1.03759
    ],
    [
        -0.33942,
        -0.10497,
        0.92173
    ],
    [
        -0.37435,
        -0.28403,
        1.00051
    ],
    [
        -0.40928,
        -0.46308,
        1.07929
    ],
    [
        -0.20262,
        -0.5505,
        1.03722
    ],
    [
        -0.08716,
        -0.58495,
        1.1003
    ],
    [
        0.02829,
        -0.61939,
        1.16339
    ],
    [
        0.17293,
        -0.55441,
        1.09669
    ],
    [
        0.29354,
        -0.45574,
        1.0662
    ],
    [
        0.41414,
        -0.35707,
        1.03571
    ],
    [
        0.53475,
        -0.2584,
        1.00522
    ],
    [
        0.5044,
        -0.09812,
        1.15511
    ],
    [
        0.43552,
        0.00716,
        1.0953
    ],
    [
        0.36664,
        0.11244,
        1.03549
    ],
    [
        0.29776,
        0.21772,
        0.97568
    ],
    [
        0.22887,
        0.32301,
        0.91587
    ],
    [
        0.08767,
        0.3947,
        0.93395
    ],
    [
        -0.05354,
        0.46639,
        0.95203
    ],
    [
        -0.17353,
        0.50493,
        0.9913
    ],
    [
        -0.34921,
        0.30203,
        0.96806
    ],
    [
        -0.48465,
        0.49932,
        1.03667
    ],
    [
        -0.5386,
        0.19858,
        0.96215
    ],
    [
        -0.48335,
        0.08445,
        0.9267
    ],
    [
        -0.60005,
        -0.06529,
        1.05194
    ],
    [
        -0.43834,
        -0.14253,
        1.0843
    ],
    [
        -0.41397,
        -0.32937,
        1.00025
    ],
    [
        -0.3896,
        -0.51621,
        0.9162
    ],
    [
        -0.35352,
        -0.64406,
        0.91908
    ],
    [
        -0.28864,
        -0.79862,
        1.00866
    ],
    [
        -0.10598,
        -0.7511,
        0.90472
    ],
    [
        0.04101,
        -0.76419,
        1.09256
    ],
    [
        0.22009,
        -0.70222,
        1.06259
    ],
    [
        0.25695,
        -0.67583,
        1.15785
    ],
    [
        0.33114,
        -0.58555,
        1.03395
    ],
    [
        0.49343,
        -0.62243,
        1.01592
    ],
    [
        0.51584,
        -0.38931,
        1.10058
    ],
    [
        0.68847,
        -0.32765,
        1.00514
    ],
    [
        0.70083,
        -0.17147,
        0.94192
    ],
    [
        0.64875,
        -0.06235,
        0.97422
    ],
    [
        0.64444,
        0.0673,
        0.9271
    ],
    [
        0.64012,
        0.19694,
        0.87998
    ],
    [
        0.56801,
        0.37964,
        0.89461
    ],
    [
        0.40769,
        0.42932,
        0.90433
    ],
    [
        0.48428,
        0.66044,
        1.03172
    ],
    [
        0.26354,
        0.64391,
        0.9512
    ],
    [
        0.13474,
        0.55431,
        1.01977
    ],
    [
        -0.14697,
        0.72209,
        1.139
    ],
    [
        -0.17799,
        0.58165,
        0.99025
    ],
    [
        -0.29618,
        0.65765,
        0.97292
    ],
    [
        -0.43008,
        0.65082,
        0.98421
    ],
    [
        -0.56399,
        0.64399,
        0.99549
    ],
    [
        -0.61253,
        0.27595,
        1.00562
    ],
    [
        -0.70888,
        0.22945,
        0.93684
    ],
    [
        -0.73413,
        0.13895,
        1.12581
    ],
    [
        -0.6048,
        -0.04133,
        1.01977
    ],
    [
        -0.7648,
        -0.13508,
        0.94817
    ],
    [
        -0.8121,
        -0.23927,
        0.93693
    ],
    [
        -0.68039,
        -0.40835,
        0.90188
    ],
    [
        -0.68131,
        -0.50538,
        1.1128
    ],
    [
        -0.489,
        -0.75343,
        1.12169
    ],
    [
        -0.47512,
        -0.74222,
        0.94376
    ],
    [
        -0.29938,
        -0.85081,
        1.03035
    ],
    [
        -0.17672,
        -0.73522,
        1.00583
    ],
    [
        -0.03589,
        -0.86385,
        1.00709
    ],
    [
        0.07277,
        -0.94581,
        1.06519
    ],
    [
        0.24082,
        -0.99598,
        1.15803
    ],
    [
        0.27689,
        -0.74985,
        1.02239
    ],
    [
        0.39752,
        -0.70301,
        1.04769
    ],
    [
        0.40605,
        -0.63085,
        1.05671
    ],
    [
        0.6268,
        -0.58548,
        1.02123
    ],
    [
        0.72469,
        -0.55579,
        1.04527
    ],
    [
        0.7929,
        -0.35121,
        1.00344
    ],
    [
        0.81041,
        -0.24815,
        1.03575
    ],
    [
        0.82791,
        -0.14509,
        1.06807
    ],
    [
        0.84707,
        -0.00604,
        1.0048
    ],
    [
        0.86623,
        0.13301,
        0.94153
    ],
    [
        0.67773,
        0.22581,
        1.07657
    ],
    [
        0.63338,
        0.38389,
        0.89527
    ],
    [
        0.59851,
        0.50605,
        0.92031
    ],
    [
        0.57012,
        0.63356,
        0.95881
    ],
    [
        0.44077,
        0.78579,
        1.08997
    ],
    [
        0.27528,
        0.63843,
        1.1603
    ],
    [
        0.09874,
        0.76164,
        1.09937
    ],
    [
        -0.07781,
        0.88484,
        1.03843
    ],
    [
        -0.09009,
        0.84024,
        0.95237
    ],
    [
        -0.29348,
        0.71748,
        0.84789
    ],
    [
        -0.36177,
        0.58779,
        0.8824
    ],
    [
        -0.68014,
        0.48828,
        1.04082
    ],
    [
        -0.63608,
        0.36567,
        1.06193
    ],
    [
        -0.59202,
        0.24305,
        1.08304
    ],
    [
        -0.54497,
        -0.00622,
        1.11994
    ],
    [
        -0.49015,
        -0.10256,
        1.21525
    ],
    [
        -0.41033,
        -0.13139,
        1.33467
    ],
    [
        -0.33052,
        -0.16022,
        1.45408
    ],
    [
        -0.20688,
        -0.20123,
        1.27598
    ],
    [
        -0.32462,
        -0.33993,
        1.15139
    ],
    [
        -0.22598,
        -0.33714,
        1.13324
    ],
    [
        -0.12734,
        -0.33435,
        1.1151
    ],
    [
        0.14553,
        -0.40386,
        0.95689
    ],
    [
        0.07285,
        -0.5095,
        1.13439
    ],
    [
        0.27032,
        -0.43531,
        1.24905
    ],
    [
        0.28572,
        -0.41987,
        1.22428
    ],
    [
        0.30113,
        -0.40443,
        1.19951
    ],
    [
        0.31654,
        -0.38898,
        1.17474
    ],
    [
        0.33194,
        -0.37354,
        1.14996
    ],
    [
        0.38682,
        -0.14907,
        1.05387
    ],
    [
        0.4417,
        0.07541,
        0.95778
    ],
    [
        0.47985,
        0.01114,
        1.06049
    ],
    [
        0.37103,
        -0.03356,
        1.13936
    ],
    [
        0.46886,
        -0.05567,
        1.38125
    ],
    [
        0.44354,
        0.05596,
        1.33191
    ],
    [
        0.41823,
        0.1676,
        1.28258
    ],
    [
        0.39291,
        0.27923,
        1.23324
    ],
    [
        0.36759,
        0.39086,
        1.18391
    ],
    [
        0.20229,
        0.41114,
        1.05373
    ],
    [
        0.21968,
        0.33629,
        0.95991
    ],
    [
        0.10814,
        0.50686,
        0.92018
    ],
    [
        -0.10162,
        0.54071,
        1.01675
    ],
    [
        -0.07027,
        0.54601,
        1.16
    ],
    [
        -0.1167,
        0.48447,
        1.20395
    ],
    [
        -0.16312,
        0.42293,
        1.2479
    ],
    [
        -0.20954,
        0.3614,
        1.29185
    ],
    [
        -0.16427,
        0.27902,
        1.08692
    ],
    [
        -0.27198,
        0.1614,
        1.03659
    ],
    [
        -0.37969,
        0.04378,
        0.98625
    ],
    [
        -0.4874,
        -0.07384,
        0.93592
    ],
    [
        -0.45027,
        -0.32513,
        1.03369
    ],
    [
        -0.33565,
        -0.29124,
        1.21611
    ],
    [
        -0.51607,
        -0.23081,
        1.4435
    ],
    [
        -0.30827,
        -0.36608,
        1.41177
    ],
    [
        -0.20615,
        -0.47851,
        1.38287
    ],
    [
        -0.10402,
        -0.59094,
        1.35396
    ],
    [
        0.0812,
        -0.54045,
        1.41552
    ],
    [
        0.24518,
        -0.50692,
        1.45335
    ],
    [
        0.40915,
        -0.47338,
        1.49119
    ],
    [
        0.18822,
        -0.44714,
        1.47363
    ],
    [
        0.1883,
        -0.50934,
        1.3465
    ],
    [
        0.43351,
        -0.39324,
        1.23467
    ],
    [
        0.51551,
        -0.63315,
        1.17545
    ],
    [
        0.60572,
        -0.52141,
        1.09182
    ],
    [
        0.69593,
        -0.40966,
        1.00818
    ],
    [
        0.7728,
        -0.27416,
        1.03236
    ],
    [
        0.58819,
        -0.28576,
        1.24376
    ],
    [
        0.5776,
        -0.31465,
        1.30244
    ],
    [
        0.43639,
        -0.42118,
        1.53426
    ],
    [
        0.4405,
        -0.32932,
        1.69287
    ],
    [
        0.45775,
        -0.2836,
        1.56336
    ],
    [
        0.475,
        -0.23787,
        1.43386
    ],
    [
        0.45776,
        -0.10561,
        1.33426
    ],
    [
        0.46456,
        0.02203,
        1.3361
    ],
    [
        0.47137,
        0.14967,
        1.33794
    ],
    [
        0.47818,
        0.2773,
        1.33978
    ],
    [
        0.56431,
        0.14548,
        1.32622
    ],
    [
        0.63081,
        0.12001,
        1.13675
    ],
    [
        0.66341,
        -0.11754,
        1.12297
    ],
    [
        0.73771,
        0.05709,
        1.03552
    ],
    [
        0.60439,
        0.061,
        0.95696
    ],
    [
        0.65694,
        0.26149,
        1.00866
    ],
    [
        0.43492,
        0.33461,
        1.08229
    ],
    [
        0.38366,
        0.30886,
        1.18193
    ],
    [
        0.26996,
        0.45871,
        1.24924
    ],
    [
        0.26542,
        0.51001,
        1.36427
    ],
    [
        0.06902,
        0.60986,
        1.36954
    ],
    [
        0.08575,
        0.65467,
        1.24772
    ],
    [
        0.10249,
        0.69947,
        1.1259
    ],
    [
        -0.01254,
        0.67525,
        0.95055
    ],
    [
        -0.19376,
        0.56268,
        1.08764
    ],
    [
        -0.22505,
        0.47437,
        1.16948
    ],
    [
        -0.13399,
        0.47866,
        1.40944
    ],
    [
        -0.27256,
        0.38221,
        1.32603
    ],
    [
        -0.57343,
        0.51003,
        1.33114
    ],
    [
        -0.47437,
        0.22581,
        1.26278
    ],
    [
        -0.54145,
        -0.00775,
        1.33763
    ],
    [
        -0.48068,
        0.19102,
        1.46529
    ],
    [
        -0.4477,
        0.16342,
        1.53712
    ],
    [
        -0.41472,
        0.13582,
        1.60895
    ],
    [
        -0.38174,
        0.10822,
        1.68079
    ],
    [
        -0.42701,
        0.00732,
        1.56625
    ],
    [
        -0.47228,
        -0.09359,
        1.45172
    ],
    [
        -0.53173,
        -0.22842,
        1.55395
    ],
    [
        -0.51433,
        -0.45873,
        1.35087
    ],
    [
        -0.37384,
        -0.38801,
        1.45354
    ],
    [
        -0.31832,
        -0.2609,
        1.60205
    ],
    [
        -0.26279,
        -0.13379,
        1.75056
    ],
    [
        -0.2746,
        -0.33418,
        1.62643
    ],
    [
        -0.12071,
        -0.37898,
        1.51615
    ],
    [
        0.03319,
        -0.42378,
        1.40587
    ],
    [
        0.18708,
        -0.46859,
        1.29559
    ],
    [
        0.32097,
        -0.56161,
        1.3423
    ],
    [
        0.4331,
        -0.50941,
        1.41945
    ],
    [
        0.4133,
        -0.57037,
        1.27162
    ],
    [
        0.5416,
        -0.57622,
        1.13442
    ],
    [
        0.68033,
        -0.54027,
        1.03348
    ],
    [
        0.85297,
        -0.51705,
        0.99475
    ],
    [
        0.79585,
        -0.34164,
        1.13351
    ],
    [
        0.71327,
        -0.45466,
        1.19809
    ],
    [
        0.56418,
        -0.38848,
        1.32189
    ],
    [
        0.4151,
        -0.32229,
        1.44569
    ],
    [
        0.4408,
        -0.26259,
        1.64265
    ],
    [
        0.4039,
        -0.21924,
        1.61915
    ],
    [
        0.367,
        -0.17589,
        1.59564
    ],
    [
        0.53837,
        -0.15758,
        1.47058
    ],
    [
        0.70974,
        -0.13927,
        1.34552
    ],
    [
        0.63063,
        0.0082,
        1.5752
    ],
    [
        0.54311,
        0.09395,
        1.64087
    ],
    [
        0.45559,
        0.1797,
        1.70655
    ],
    [
        0.37665,
        0.09411,
        1.63937
    ],
    [
        0.41792,
        0.14244,
        1.51394
    ],
    [
        0.44688,
        0.18752,
        1.35526
    ],
    [
        0.47584,
        0.2326,
        1.19657
    ],
    [
        0.34394,
        0.40018,
        1.18971
    ],
    [
        0.35494,
        0.45295,
        0.96353
    ],
    [
        0.29607,
        0.61743,
        0.92185
    ],
    [
        0.21703,
        0.75902,
        1.10691
    ],
    [
        0.13267,
        0.65638,
        1.16164
    ],
    [
        0.22003,
        0.54777,
        1.3798
    ],
    [
        0.11932,
        0.43558,
        1.51242
    ],
    [
        0.32274,
        0.40676,
        1.58013
    ],
    [
        0.18627,
        0.24873,
        1.731
    ],
    [
        0.04981,
        0.09071,
        1.88187
    ],
    [
        0.36002,
        0.2552,
        2.01681
    ],
    [
        0.38046,
        0.25945,
        1.92099
    ],
    [
        0.40091,
        0.26371,
        1.82518
    ],
    [
        0.38397,
        0.23638,
        1.7135
    ],
    [
        0.36703,
        0.20904,
        1.60182
    ],
    [
        0.23882,
        0.29136,
        1.62352
    ],
    [
        0.13116,
        0.40782,
        1.6161
    ],
    [
        0.01325,
        0.37684,
        1.76365
    ],
    [
        -0.02649,
        0.45831,
        1.6209
    ],
    [
        -0.06624,
        0.53978,
        1.47815
    ],
    [
        -0.23451,
        0.54849,
        1.39774
    ],
    [
        -0.36561,
        0.43051,
        1.33095
    ],
    [
        -0.35096,
        0.31761,
        1.51285
    ],
    [
        -0.36183,
        0.23423,
        1.64179
    ],
    [
        -0.3727,
        0.15086,
        1.77072
    ],
    [
        -0.51192,
        0.12421,
        1.59711
    ],
    [
        -0.47353,
        -0.09106,
        1.57417
    ],
    [
        -0.43514,
        -0.30632,
        1.55123
    ],
    [
        -0.34243,
        -0.5082,
        1.52509
    ],
    [
        -0.16808,
        -0.55382,
        1.44562
    ],
    [
        -0.13502,
        -0.52609,
        1.43467
    ],
    [
        -0.11257,
        -0.65702,
        1.31364
    ],
    [
        -0.24752,
        -0.65002,
        1.37577
    ],
    [
        -0.30743,
        -0.78885,
        1.485
    ],
    [
        -0.4597,
        -0.61353,
        1.4463
    ],
    [
        -0.4947,
        -0.52408,
        1.483
    ],
    [
        -0.56169,
        -0.36702,
        1.51917
    ],
    [
        -0.68939,
        -0.24188,
        1.61922
    ],
    [
        -0.65022,
        -0.37356,
        1.62865
    ],
    [
        -0.49327,
        -0.42786,
        1.59922
    ],
    [
        -0.33375,
        -0.39237,
        1.6612
    ],
    [
        -0.17424,
        -0.35689,
        1.72317
    ],
    [
        -0.08655,
        -0.44587,
        1.73452
    ],
    [
        0.00113,
        -0.53485,
        1.74586
    ],
    [
        0.085,
        -0.61251,
        1.62256
    ],
    [
        0.10475,
        -0.63406,
        1.4741
    ],
    [
        0.28715,
        -0.53664,
        1.3326
    ],
    [
        0.44846,
        -0.57673,
        1.32495
    ],
    [
        0.5524,
        -0.43417,
        1.33696
    ],
    [
        0.47749,
        -0.26188,
        1.539
    ],
    [
        0.52352,
        -0.22052,
        1.55607
    ],
    [
        0.34667,
        -0.25771,
        1.65112
    ],
    [
        0.27485,
        -0.31703,
        1.66529
    ],
    [
        0.20302,
        -0.37636,
        1.67946
    ],
    [
        0.13119,
        -0.43568,
        1.69362
    ],
    [
        -0.03596,
        -0.47979,
        1.65733
    ],
    [
        0.15063,
        -0.52146,
        1.58997
    ],
    [
        0.20163,
        -0.51648,
        1.66068
    ],
    [
        0.42503,
        -0.42464,
        1.57639
    ],
    [
        0.52688,
        -0.41544,
        1.64784
    ],
    [
        0.62872,
        -0.40623,
        1.71929
    ],
    [
        0.51844,
        -0.30035,
        1.84155
    ],
    [
        0.41558,
        -0.14441,
        1.84183
    ],
    [
        0.4499,
        -0.04411,
        1.926
    ],
    [
        0.4701,
        -0.04257,
        1.95351
    ],
    [
        0.49031,
        -0.04103,
        1.98102
    ],
    [
        0.50373,
        0.02922,
        1.76427
    ],
    [
        0.59201,
        0.04366,
        1.67135
    ],
    [
        0.62447,
        0.14332,
        1.53826
    ],
    [
        0.63477,
        0.35854,
        1.46499
    ],
    [
        0.65536,
        0.42353,
        1.33523
    ],
    [
        0.72698,
        0.28988,
        1.46025
    ],
    [
        0.79674,
        0.19625,
        1.63086
    ],
    [
        0.59986,
        0.34831,
        1.76963
    ],
    [
        0.60059,
        0.38099,
        1.55476
    ],
    [
        0.48361,
        0.5082,
        1.53036
    ],
    [
        0.52181,
        0.47466,
        1.32914
    ],
    [
        0.27144,
        0.70335,
        1.36583
    ],
    [
        0.30713,
        0.6638,
        1.54139
    ],
    [
        0.10841,
        0.72876,
        1.64836
    ],
    [
        0.04744,
        0.5733,
        1.72728
    ],
    [
        -0.10276,
        0.73845,
        1.75359
    ],
    [
        -0.14397,
        0.67578,
        1.6209
    ],
    [
        -0.19271,
        0.68728,
        1.44885
    ],
    [
        -0.32359,
        0.54503,
        1.31365
    ],
    [
        -0.36923,
        0.46964,
        1.4966
    ],
    [
        -0.48892,
        0.40846,
        1.6108
    ],
    [
        -0.40909,
        0.19937,
        1.76915
    ],
    [
        -0.52323,
        0.24242,
        1.52686
    ],
    [
        -0.68364,
        0.34274,
        1.4338
    ],
    [
        -0.79625,
        0.00484,
        1.38466
    ],
    [
        -0.76902,
        -0.11473,
        1.35494
    ],
    [
        -0.74178,
        -0.2343,
        1.32522
    ],
    [
        -0.63471,
        -0.36449,
        1.27553
    ],
    [
        -0.66364,
        -0.56476,
        1.36876
    ],
    [
        -0.57843,
        -0.6146,
        1.17022
    ],
    [
        -0.58351,
        -0.65673,
        1.08049
    ],
    [
        -0.4723,
        -0.7565,
        0.94208
    ],
    [
        -0.3045,
        -0.64945,
        1.07633
    ],
    [
        -0.2929,
        -0.7962,
        1.24244
    ],
    [
        -0.15797,
        -0.84576,
        1.28741
    ],
    [
        -0.06119,
        -0.81897,
        1.50844
    ],
    [
        0.06253,
        -0.96849,
        1.32552
    ],
    [
        0.04656,
        -0.82925,
        1.2869
    ],
    [
        0.17222,
        -0.97425,
        1.11006
    ],
    [
        0.22685,
        -0.77407,
        1.02537
    ],
    [
        0.49517,
        -0.75822,
        1.14983
    ],
    [
        0.3354,
        -0.67857,
        1.2719
    ],
    [
        0.46064,
        -0.69269,
        1.4592
    ],
    [
        0.3263,
        -0.71882,
        1.31358
    ],
    [
        0.36773,
        -0.77164,
        1.41
    ],
    [
        0.29607,
        -0.73676,
        1.59574
    ],
    [
        0.22441,
        -0.70188,
        1.78149
    ],
    [
        0.16116,
        -0.50364,
        1.8799
    ],
    [
        0.22172,
        -0.47953,
        2.0628
    ],
    [
        0.34354,
        -0.39712,
        1.9614
    ],
    [
        0.29378,
        -0.49244,
        1.77391
    ],
    [
        0.45612,
        -0.49394,
        1.61461
    ],
    [
        0.60218,
        -0.47499,
        1.49071
    ],
    [
        0.60181,
        -0.38849,
        1.629
    ],
    [
        0.60144,
        -0.30199,
        1.76729
    ],
    [
        0.56263,
        -0.33015,
        1.92622
    ],
    [
        0.32909,
        -0.25524,
        1.97938
    ],
    [
        0.25891,
        -0.17293,
        2.15307
    ],
    [
        0.20124,
        -0.24595,
        2.33232
    ],
    [
        0.27389,
        -0.15179,
        2.2062
    ],
    [
        0.38066,
        -0.26546,
        2.1163
    ],
    [
        0.63999,
        -0.05215,
        2.08144
    ],
    [
        0.52156,
        -0.19106,
        1.97787
    ],
    [
        0.57688,
        -0.23573,
        2.18217
    ],
    [
        0.44773,
        -0.03214,
        2.175
    ],
    [
        0.55846,
        -0.10016,
        1.94076
    ],
    [
        0.67825,
        -0.21785,
        2.04777
    ],
    [
        0.6421,
        -0.05907,
        1.97499
    ],
    [
        0.57715,
        0.05195,
        2.09783
    ],
    [
        0.36836,
        0.03726,
        2.22218
    ],
    [
        0.36416,
        0.13927,
        2.32289
    ],
    [
        0.47716,
        0.11095,
        2.22365
    ],
    [
        0.46886,
        0.1987,
        2.07752
    ],
    [
        0.49412,
        0.29916,
        1.96912
    ],
    [
        0.35545,
        0.49429,
        1.86507
    ],
    [
        0.5683,
        0.46122,
        1.8955
    ],
    [
        0.44961,
        0.52764,
        1.99651
    ],
    [
        0.29065,
        0.4074,
        2.07594
    ],
    [
        0.20015,
        0.50001,
        2.18251
    ],
    [
        0.08323,
        0.41069,
        2.35394
    ],
    [
        0.12194,
        0.52265,
        2.2258
    ],
    [
        0.0947,
        0.43624,
        2.04298
    ],
    [
        -0.06228,
        0.38147,
        1.97819
    ],
    [
        -0.22362,
        0.3276,
        1.97367
    ],
    [
        -0.25959,
        0.48003,
        2.05623
    ],
    [
        -0.29087,
        0.47378,
        1.99294
    ],
    [
        -0.18787,
        0.66759,
        2.07326
    ],
    [
        -0.28775,
        0.5104,
        1.93612
    ],
    [
        -0.39834,
        0.39596,
        1.91073
    ],
    [
        -0.55213,
        0.33121,
        1.89961
    ],
    [
        -0.53077,
        0.11146,
        1.97399
    ],
    [
        -0.63006,
        0.00944,
        2.02616
    ],
    [
        -0.44237,
        0.06967,
        1.97144
    ],
    [
        -0.25469,
        0.12991,
        1.91672
    ],
    [
        -0.52979,
        -0.01203,
        1.9872
    ],
    [
        -0.58397,
        0.21983,
        2.01497
    ],
    [
        -0.67031,
        0.02675,
        1.92662
    ],
    [
        -0.52724,
        -0.00884,
        2.05097
    ],
    [
        -0.38417,
        -0.04443,
        2.17532
    ],
    [
        -0.38539,
        -0.10407,
        2.27907
    ],
    [
        -0.2947,
        -0.14206,
        2.26218
    ],
    [
        -0.27839,
        -0.2995,
        2.18412
    ],
    [
        -0.27464,
        -0.34157,
        1.95933
    ],
    [
        -0.24749,
        -0.46571,
        2.04325
    ],
    [
        -0.25149,
        -0.5278,
        2.0239
    ],
    [
        -0.2555,
        -0.5899,
        2.00455
    ],
    [
        -0.47491,
        -0.50436,
        2.04327
    ],
    [
        -0.31746,
        -0.28774,
        2.0732
    ],
    [
        -0.2371,
        -0.38466,
        1.89065
    ],
    [
        -0.10763,
        -0.39204,
        1.96966
    ],
    [
        0.02184,
        -0.39942,
        2.04867
    ],
    [
        0.08122,
        -0.33797,
        2.07137
    ],
    [
        0.14059,
        -0.27653,
        2.09406
    ],
    [
        0.19996,
        -0.21508,
        2.11676
    ],
    [
        0.12949,
        -0.35167,
        2.06358
    ],
    [
        0.05902,
        -0.48825,
        2.0104
    ],
    [
        -0.03953,
        -0.53684,
        1.93606
    ],
    [
        -0.08718,
        -0.61248,
        1.7854
    ],
    [
        -0.09493,
        -0.77834,
        1.72349
    ],
    [
        0.02264,
        -0.82491,
        1.73063
    ],
    [
        -0.10152,
        -0.57701,
        1.78187
    ],
    [
        0.06766,
        -0.70314,
        1.67266
    ],
    [
        0.229,
        -0.65463,
        1.6296
    ],
    [
        0.34043,
        -0.53673,
        1.6663
    ],
    [
        0.52132,
        -0.5886,
        1.66689
    ],
    [
        0.53245,
        -0.34901,
        1.76371
    ],
    [
        0.50749,
        -0.4381,
        1.95319
    ],
    [
        0.58634,
        -0.27412,
        2.03363
    ],
    [
        0.64817,
        -0.17761,
        2.06106
    ],
    [
        0.71001,
        -0.08109,
        2.0885
    ],
    [
        0.58608,
        -0.07624,
        1.97061
    ],
    [
        0.69864,
        -0.12556,
        1.84322
    ],
    [
        0.68601,
        -0.07702,
        1.65638
    ],
    [
        0.76144,
        -0.20137,
        1.50733
    ],
    [
        0.69951,
        -0.20334,
        1.34522
    ],
    [
        0.71174,
        -0.05298,
        1.41082
    ],
    [
        0.54026,
        -0.0227,
        1.57843
    ],
    [
        0.53299,
        0.00458,
        1.67103
    ],
    [
        0.5864,
        0.13265,
        1.83305
    ],
    [
        0.37917,
        0.05263,
        1.94281
    ],
    [
        0.44593,
        0.18674,
        2.04622
    ],
    [
        0.38987,
        0.18458,
        2.17124
    ],
    [
        0.46327,
        0.14532,
        2.36315
    ],
    [
        0.28149,
        0.12094,
        2.53405
    ],
    [
        0.23341,
        0.13462,
        2.56833
    ],
    [
        0.18533,
        0.14829,
        2.6026
    ],
    [
        0.29631,
        0.45311,
        2.53946
    ],
    [
        0.44344,
        0.35709,
        2.54687
    ],
    [
        0.3733,
        0.15763,
        2.62134
    ],
    [
        0.45798,
        0.27718,
        2.49387
    ],
    [
        0.49515,
        0.27753,
        2.62995
    ],
    [
        0.44076,
        0.42804,
        2.51075
    ],
    [
        0.2336,
        0.43462,
        2.40151
    ],
    [
        0.29302,
        0.49221,
        2.20379
    ],
    [
        0.1175,
        0.52909,
        2.17698
    ],
    [
        0.02964,
        0.58074,
        2.282
    ],
    [
        0.24673,
        0.60444,
        2.23056
    ],
    [
        0.22411,
        0.46425,
        2.33821
    ],
    [
        0.04417,
        0.46666,
        2.30916
    ],
    [
        -0.13577,
        0.46907,
        2.28011
    ],
    [
        -0.26952,
        0.3857,
        2.28595
    ],
    [
        -0.40433,
        0.45082,
        2.29821
    ],
    [
        -0.43327,
        0.29374,
        2.37591
    ],
    [
        -0.33035,
        0.35628,
        2.26241
    ],
    [
        -0.36702,
        0.15328,
        2.24061
    ],
    [
        -0.41144,
        0.08144,
        2.32623
    ],
    [
        -0.44751,
        -0.16907,
        2.28237
    ],
    [
        -0.47621,
        -0.10987,
        2.42565
    ],
    [
        -0.44689,
        0.05855,
        2.43205
    ],
    [
        -0.39105,
        0.05046,
        2.59767
    ],
    [
        -0.33521,
        0.04237,
        2.76328
    ],
    [
        -0.422,
        -0.10249,
        2.62826
    ],
    [
        -0.32708,
        -0.04747,
        2.47687
    ],
    [
        -0.40927,
        -0.33048,
        2.3653
    ],
    [
        -0.25791,
        -0.29213,
        2.35517
    ],
    [
        -0.13045,
        -0.41117,
        2.29686
    ],
    [
        -0.06545,
        -0.57007,
        2.33161
    ],
    [
        -0.17632,
        -0.42973,
        2.4077
    ],
    [
        -0.1696,
        -0.41238,
        2.53595
    ],
    [
        -0.25224,
        -0.30958,
        2.66773
    ],
    [
        -0.29357,
        -0.34228,
        2.52022
    ],
    [
        -0.14224,
        -0.47694,
        2.40297
    ],
    [
        -0.21356,
        -0.40746,
        2.21567
    ],
    [
        -0.10984,
        -0.47029,
        2.06274
    ],
    [
        -0.05411,
        -0.61242,
        1.99245
    ],
    [
        -0.13541,
        -0.62677,
        1.84409
    ],
    [
        -0.13482,
        -0.69501,
        1.73755
    ],
    [
        0.11417,
        -0.63644,
        1.63162
    ],
    [
        0.02412,
        -0.70876,
        1.83435
    ],
    [
        0.14096,
        -0.71363,
        1.87569
    ],
    [
        0.14516,
        -0.67329,
        2.0227
    ],
    [
        0.14935,
        -0.63295,
        2.16972
    ],
    [
        0.16078,
        -0.48745,
        2.22995
    ],
    [
        0.02825,
        -0.51659,
        2.43923
    ],
    [
        0.14315,
        -0.66396,
        2.44146
    ],
    [
        0.13795,
        -0.4692,
        2.61469
    ],
    [
        0.29913,
        -0.29452,
        2.58969
    ],
    [
        0.16786,
        -0.379,
        2.50848
    ],
    [
        0.12289,
        -0.41899,
        2.56632
    ],
    [
        0.20372,
        -0.44773,
        2.61993
    ],
    [
        0.28455,
        -0.47646,
        2.67355
    ],
    [
        0.17868,
        -0.4293,
        2.46802
    ],
    [
        0.08438,
        -0.27393,
        2.50337
    ],
    [
        0.17077,
        -0.26935,
        2.56245
    ],
    [
        0.25716,
        -0.26477,
        2.62153
    ],
    [
        0.2373,
        -0.34445,
        2.42894
    ],
    [
        0.31417,
        -0.3307,
        2.34049
    ],
    [
        0.42174,
        -0.39596,
        2.19149
    ],
    [
        0.47164,
        -0.39786,
        2.3932
    ],
    [
        0.43056,
        -0.29024,
        2.19678
    ],
    [
        0.26488,
        -0.10482,
        2.28185
    ],
    [
        0.09921,
        0.08061,
        2.36691
    ],
    [
        0.19158,
        -0.12439,
        2.37941
    ],
    [
        0.31655,
        -0.20898,
        2.39085
    ],
    [
        0.44152,
        -0.29357,
        2.4023
    ],
    [
        0.33706,
        -0.42512,
        2.34097
    ],
    [
        0.37874,
        -0.41541,
        2.32108
    ],
    [
        0.45737,
        -0.39384,
        2.10773
    ],
    [
        0.30473,
        -0.45924,
        2.05345
    ],
    [
        0.25493,
        -0.59607,
        1.99961
    ],
    [
        0.40008,
        -0.67508,
        1.912
    ],
    [
        0.49463,
        -0.50089,
        1.86697
    ],
    [
        0.54888,
        -0.55036,
        1.66942
    ],
    [
        0.65146,
        -0.53357,
        1.5941
    ],
    [
        0.69468,
        -0.41538,
        1.68076
    ],
    [
        0.61519,
        -0.5059,
        1.73186
    ],
    [
        0.29944,
        -0.42725,
        1.82884
    ],
    [
        0.41398,
        -0.58483,
        1.97491
    ],
    [
        0.21353,
        -0.55806,
        2.14918
    ],
    [
        0.2178,
        -0.39695,
        2.18278
    ],
    [
        0.3972,
        -0.35596,
        2.24623
    ],
    [
        0.34214,
        -0.32587,
        2.38336
    ],
    [
        0.42184,
        -0.24206,
        2.45212
    ],
    [
        0.50155,
        -0.15826,
        2.52088
    ],
    [
        0.51334,
        -0.08891,
        2.7146
    ],
    [
        0.3445,
        -0.17597,
        2.62344
    ],
    [
        0.35596,
        -0.11242,
        2.6074
    ],
    [
        0.36743,
        -0.04887,
        2.59136
    ],
    [
        0.37813,
        0.07675,
        2.4503
    ],
    [
        0.35418,
        0.02712,
        2.26138
    ],
    [
        0.51297,
        0.14637,
        2.3236
    ],
    [
        0.56943,
        0.15371,
        2.48101
    ],
    [
        0.38665,
        0.1261,
        2.6548
    ],
    [
        0.39419,
        0.15881,
        2.68798
    ],
    [
        0.40173,
        0.19151,
        2.72116
    ],
    [
        0.40927,
        0.22421,
        2.75434
    ],
    [
        0.41681,
        0.25692,
        2.78752
    ],
    [
        0.34607,
        0.29663,
        2.64266
    ],
    [
        0.10755,
        0.27265,
        2.60131
    ],
    [
        0.21522,
        0.12,
        2.54896
    ],
    [
        0.35828,
        0.25722,
        2.64653
    ],
    [
        0.28748,
        0.34663,
        2.54258
    ],
    [
        0.30624,
        0.48476,
        2.39732
    ],
    [
        0.18565,
        0.44558,
        2.29043
    ],
    [
        0.1557,
        0.63392,
        2.32079
    ],
    [
        0.0283,
        0.47519,
        2.31935
    ],
    [
        -0.10192,
        0.50444,
        2.52443
    ],
    [
        -0.14535,
        0.4795,
        2.54332
    ],
    [
        -0.08335,
        0.44822,
        2.70724
    ],
    [
        -0.04194,
        0.35661,
        2.55283
    ],
    [
        -0.17983,
        0.35187,
        2.66835
    ],
    [
        -0.26792,
        0.37132,
        2.26195
    ],
    [
        -0.39896,
        0.15628,
        2.302
    ],
    [
        -0.34551,
        0.25316,
        2.2524
    ],
    [
        -0.29207,
        0.35004,
        2.2028
    ],
    [
        -0.33489,
        0.2642,
        2.33244
    ],
    [
        -0.3777,
        0.17836,
        2.46208
    ],
    [
        -0.42052,
        0.09252,
        2.59173
    ],
    [
        -0.54311,
        0.05659,
        2.6444
    ],
    [
        -0.44809,
        0.02905,
        2.71096
    ],
    [
        -0.32908,
        0.10491,
        2.56765
    ],
    [
        -0.46684,
        0.136,
        2.72078
    ],
    [
        -0.37529,
        0.07285,
        2.56988
    ],
    [
        -0.44203,
        -0.12764,
        2.49301
    ],
    [
        -0.316,
        -0.21832,
        2.54132
    ],
    [
        -0.31447,
        -0.4339,
        2.54799
    ],
    [
        -0.12597,
        -0.37373,
        2.6801
    ],
    [
        -0.13287,
        -0.50824,
        2.4782
    ],
    [
        0.00932,
        -0.52094,
        2.54121
    ],
    [
        0.14796,
        -0.51087,
        2.51171
    ],
    [
        0.26348,
        -0.3955,
        2.57729
    ],
    [
        0.38249,
        -0.43461,
        2.42346
    ],
    [
        0.47671,
        -0.29702,
        2.39174
    ],
    [
        0.50634,
        -0.26983,
        2.22451
    ],
    [
        0.66101,
        -0.2973,
        2.15425
    ],
    [
        0.72185,
        -0.1376,
        2.12521
    ],
    [
        0.57653,
        -0.23257,
        2.22474
    ],
    [
        0.36024,
        -0.22204,
        2.29671
    ],
    [
        0.37372,
        -0.0801,
        2.29842
    ],
    [
        0.3872,
        0.06184,
        2.30013
    ],
    [
        0.61721,
        0.16834,
        2.26459
    ],
    [
        0.67693,
        0.03954,
        2.32229
    ],
    [
        0.49427,
        -0.04433,
        2.35352
    ],
    [
        0.446,
        -0.21758,
        2.36855
    ],
    [
        0.35119,
        -0.29266,
        2.46979
    ],
    [
        0.34748,
        -0.43676,
        2.49734
    ],
    [
        0.14805,
        -0.50682,
        2.55269
    ],
    [
        0.24747,
        -0.37557,
        2.62425
    ],
    [
        0.34689,
        -0.24431,
        2.69581
    ],
    [
        0.29394,
        -0.06114,
        2.67461
    ],
    [
        0.47045,
        0.00904,
        2.69862
    ],
    [
        0.33023,
        0.19386,
        2.68637
    ],
    [
        0.29195,
        0.2923,
        2.6833
    ],
    [
        0.14355,
        0.32498,
        2.87035
    ],
    [
        0.13591,
        0.45709,
        2.85096
    ],
    [
        0.08966,
        0.43514,
        2.9202
    ],
    [
        0.09705,
        0.35211,
        2.87412
    ],
    [
        0.21839,
        0.49749,
        2.90158
    ],
    [
        0.10621,
        0.34262,
        2.91271
    ],
    [
        -0.00596,
        0.18774,
        2.92384
    ],
    [
        -0.03418,
        0.14769,
        2.64139
    ],
    [
        -0.0624,
        0.10764,
        2.35894
    ],
    [
        -0.05576,
        0.31157,
        2.52236
    ],
    [
        -0.1106,
        0.3075,
        2.50924
    ],
    [
        -0.16543,
        0.30343,
        2.49611
    ],
    [
        -0.25065,
        0.38303,
        2.43185
    ],
    [
        -0.3983,
        0.46138,
        2.37271
    ],
    [
        -0.53904,
        0.33507,
        2.44919
    ],
    [
        -0.50231,
        0.21547,
        2.57684
    ],
    [
        -0.52382,
        0.10152,
        2.65066
    ],
    [
        -0.50507,
        -0.06127,
        2.75583
    ],
    [
        -0.41187,
        -0.15544,
        2.83799
    ],
    [
        -0.32691,
        -0.11776,
        2.86424
    ],
    [
        -0.26603,
        -0.03567,
        2.87593
    ],
    [
        -0.20516,
        0.04642,
        2.88761
    ],
    [
        -0.33771,
        0.00803,
        2.88748
    ],
    [
        -0.37041,
        -0.18055,
        2.89111
    ],
    [
        -0.32927,
        -0.09941,
        2.81252
    ],
    [
        -0.30772,
        0.05338,
        2.89197
    ],
    [
        -0.31347,
        -0.16578,
        3.00069
    ],
    [
        -0.22945,
        -0.28802,
        2.8987
    ],
    [
        -0.08477,
        -0.35223,
        2.82747
    ],
    [
        -0.1125,
        -0.52984,
        2.90275
    ],
    [
        -0.17571,
        -0.29148,
        2.90392
    ],
    [
        -0.05538,
        -0.32433,
        2.8737
    ],
    [
        0.06494,
        -0.35718,
        2.84347
    ],
    [
        -0.05327,
        -0.36526,
        2.84683
    ],
    [
        -0.17147,
        -0.37333,
        2.85019
    ],
    [
        -0.05058,
        -0.40798,
        3.02278
    ],
    [
        0.03327,
        -0.50815,
        2.83283
    ],
    [
        0.13793,
        -0.404,
        2.82755
    ],
    [
        0.0436,
        -0.51461,
        2.6146
    ],
    [
        0.13646,
        -0.46303,
        2.46661
    ],
    [
        0.33368,
        -0.45567,
        2.59785
    ],
    [
        0.27043,
        -0.38754,
        2.77679
    ],
    [
        0.26287,
        -0.33395,
        2.88056
    ],
    [
        0.19691,
        -0.26236,
        2.85411
    ],
    [
        0.13095,
        -0.19076,
        2.82765
    ],
    [
        0.25519,
        -0.27488,
        2.87053
    ],
    [
        0.37943,
        -0.35899,
        2.91342
    ],
    [
        0.19129,
        -0.30426,
        2.83204
    ],
    [
        0.24761,
        -0.25868,
        2.84641
    ],
    [
        0.30393,
        -0.2131,
        2.86079
    ],
    [
        0.38589,
        -0.24164,
        2.79721
    ],
    [
        0.37446,
        -0.1701,
        2.7619
    ],
    [
        0.49268,
        -0.11663,
        2.55619
    ],
    [
        0.45235,
        -0.00201,
        2.70045
    ],
    [
        0.41369,
        -0.06222,
        2.90456
    ],
    [
        0.3851,
        0.00562,
        2.99504
    ],
    [
        0.40195,
        0.21059,
        2.9514
    ],
    [
        0.4966,
        0.05665,
        2.92059
    ],
    [
        0.30332,
        -0.16314,
        2.78281
    ],
    [
        0.40632,
        -0.25578,
        2.81124
    ],
    [
        0.31687,
        -0.19762,
        2.88371
    ],
    [
        0.39844,
        -0.00292,
        2.8898
    ],
    [
        0.40932,
        0.12274,
        3.03514
    ],
    [
        0.22586,
        0.17689,
        2.9078
    ],
    [
        0.29063,
        0.24255,
        2.75421
    ],
    [
        0.28357,
        0.33348,
        2.60139
    ],
    [
        0.3213,
        0.33582,
        2.70131
    ],
    [
        0.23197,
        0.43934,
        2.77863
    ],
    [
        0.22756,
        0.36581,
        2.98358
    ],
    [
        0.14933,
        0.39345,
        2.91488
    ],
    [
        0.07109,
        0.42108,
        2.84618
    ],
    [
        -0.00401,
        0.41969,
        2.68527
    ],
    [
        -0.07911,
        0.4183,
        2.52435
    ],
    [
        -0.18974,
        0.39489,
        2.72074
    ],
    [
        -0.19843,
        0.34785,
        2.82033
    ],
    [
        -0.20713,
        0.30082,
        2.91993
    ],
    [
        -0.32294,
        0.26283,
        2.91228
    ],
    [
        -0.15305,
        0.38572,
        2.97285
    ],
    [
        -0.20395,
        0.245,
        2.98984
    ],
    [
        -0.25485,
        0.10428,
        3.00683
    ],
    [
        -0.25097,
        0.18998,
        3.02377
    ],
    [
        -0.24709,
        0.27568,
        3.04072
    ],
    [
        -0.35466,
        0.16211,
        2.87501
    ],
    [
        -0.40871,
        0.01967,
        2.88909
    ],
    [
        -0.46276,
        -0.12277,
        2.90318
    ],
    [
        -0.32346,
        -0.072,
        3.04617
    ],
    [
        -0.19168,
        -0.17559,
        2.92911
    ],
    [
        -0.33692,
        -0.1969,
        2.85546
    ],
    [
        -0.42075,
        -0.05826,
        2.99905
    ],
    [
        -0.34133,
        -0.06,
        3.04446
    ],
    [
        -0.30316,
        -0.19244,
        3.216
    ],
    [
        -0.17888,
        -0.30374,
        3.14392
    ],
    [
        -0.22885,
        -0.27459,
        3.2142
    ],
    [
        -0.27883,
        -0.24544,
        3.28448
    ],
    [
        -0.18483,
        -0.26308,
        3.06592
    ],
    [
        -0.36354,
        -0.17007,
        3.12161
    ],
    [
        -0.23525,
        -0.23204,
        3.15899
    ],
    [
        -0.10696,
        -0.29401,
        3.19637
    ],
    [
        -0.04751,
        -0.26529,
        3.03569
    ],
    [
        -0.13917,
        -0.41214,
        2.94231
    ],
    [
        0.04467,
        -0.46353,
        2.95037
    ],
    [
        0.07965,
        -0.38031,
        3.06445
    ],
    [
        0.0764,
        -0.29254,
        3.25745
    ],
    [
        0.08366,
        -0.35429,
        3.2346
    ],
    [
        0.09092,
        -0.41604,
        3.21175
    ],
    [
        0.0837,
        -0.40259,
        3.09279
    ],
    [
        0.19521,
        -0.2363,
        3.0277
    ],
    [
        0.17946,
        -0.27634,
        3.07793
    ],
    [
        0.16371,
        -0.31638,
        3.12815
    ],
    [
        0.14796,
        -0.35643,
        3.17838
    ],
    [
        0.13221,
        -0.39647,
        3.22861
    ],
    [
        0.1655,
        -0.33823,
        3.27014
    ],
    [
        0.20933,
        -0.25995,
        3.21139
    ],
    [
        0.25316,
        -0.18168,
        3.15265
    ],
    [
        0.29699,
        -0.10341,
        3.0939
    ],
    [
        0.28724,
        -0.06522,
        3.10562
    ],
    [
        0.27749,
        -0.02703,
        3.11735
    ],
    [
        0.4268,
        0.00534,
        3.2381
    ],
    [
        0.36763,
        -0.17959,
        3.20908
    ],
    [
        0.34469,
        -0.11853,
        3.25821
    ],
    [
        0.32175,
        -0.05748,
        3.30734
    ],
    [
        0.47134,
        -0.03253,
        3.14977
    ],
    [
        0.49833,
        -0.0678,
        3.03511
    ],
    [
        0.41016,
        -0.07748,
        3.19517
    ],
    [
        0.322,
        -0.08716,
        3.35523
    ],
    [
        0.2901,
        0.04937,
        3.42686
    ],
    [
        0.2582,
        0.18589,
        3.49849
    ],
    [
        0.41287,
        0.22802,
        3.33113
    ],
    [
        0.29656,
        0.2463,
        3.28149
    ],
    [
        0.29546,
        0.22933,
        3.06855
    ],
    [
        0.14545,
        0.31846,
        3.1614
    ],
    [
        0.20139,
        0.30066,
        3.20617
    ],
    [
        0.25733,
        0.28285,
        3.25095
    ],
    [
        0.34794,
        0.17975,
        3.06895
    ],
    [
        0.27549,
        0.3164,
        3.21028
    ],
    [
        0.0976,
        0.28533,
        3.15618
    ],
    [
        0.19306,
        0.37394,
        3.0521
    ],
    [
        0.0697,
        0.41273,
        2.86525
    ],
    [
        -0.10863,
        0.31999,
        3.02812
    ],
    [
        -0.06915,
        0.33474,
        3.13273
    ],
    [
        0.01727,
        0.39075,
        3.20923
    ],
    [
        -0.06211,
        0.35097,
        3.25705
    ],
    [
        -0.19853,
        0.24121,
        3.17355
    ],
    [
        -0.11601,
        0.4576,
        3.17849
    ],
    [
        0.03934,
        0.34271,
        3.12847
    ],
    [
        -0.06876,
        0.36146,
        3.1605
    ],
    [
        -0.17687,
        0.38021,
        3.19252
    ],
    [
        -0.28232,
        0.36134,
        3.04631
    ],
    [
        -0.31041,
        0.36055,
        2.90553
    ],
    [
        -0.2735,
        0.30799,
        3.09828
    ],
    [
        -0.31395,
        0.08644,
        3.14011
    ],
    [
        -0.30685,
        0.04966,
        3.13218
    ],
    [
        -0.29976,
        0.01288,
        3.12424
    ],
    [
        -0.24345,
        0.09104,
        3.115
    ],
    [
        -0.18713,
        0.1692,
        3.10576
    ],
    [
        -0.35567,
        0.16569,
        3.17931
    ],
    [
        -0.2708,
        0.08729,
        3.19556
    ],
    [
        -0.18594,
        0.00889,
        3.21181
    ],
    [
        -0.36021,
        0.14196,
        3.1013
    ],
    [
        -0.27639,
        0.11603,
        3.31756
    ],
    [
        -0.22676,
        -0.03724,
        3.17273
    ],
    [
        -0.20701,
        -0.14745,
        3.30107
    ],
    [
        -0.19198,
        -0.16118,
        3.43236
    ],
    [
        -0.0715,
        -0.30591,
        3.52722
    ],
    [
        -0.13218,
        -0.31881,
        3.50084
    ],
    [
        -0.19286,
        -0.3317,
        3.47446
    ],
    [
        0.02649,
        -0.31371,
        3.39484
    ],
    [
        0.02011,
        -0.12269,
        3.48111
    ],
    [
        -0.05673,
        -0.27153,
        3.50609
    ],
    [
        0.05993,
        -0.31755,
        3.45268
    ],
    [
        0.20848,
        -0.23941,
        3.51591
    ],
    [
        0.16321,
        -0.16882,
        3.4038
    ],
    [
        0.12062,
        -0.04716,
        3.54042
    ],
    [
        0.13714,
        -0.27213,
        3.41524
    ],
    [
        0.23619,
        -0.16634,
        3.40712
    ],
    [
        0.33523,
        -0.06056,
        3.39901
    ],
    [
        0.33241,
        0.08697,
        3.49924
    ],
    [
        0.38812,
        0.02962,
        3.43815
    ],
    [
        0.3759,
        0.1622,
        3.3044
    ],
    [
        0.35478,
        0.1217,
        3.33288
    ],
    [
        0.34066,
        0.15347,
        3.47658
    ],
    [
        0.19909,
        0.20696,
        3.56657
    ],
    [
        0.12061,
        0.23172,
        3.68335
    ],
    [
        0.11234,
        0.28434,
        3.55193
    ],
    [
        0.10408,
        0.33697,
        3.42052
    ],
    [
        0.06583,
        0.25882,
        3.42347
    ],
    [
        -0.09136,
        0.22944,
        3.42708
    ],
    [
        -0.17184,
        0.07372,
        3.50808
    ],
    [
        -0.1605,
        0.27925,
        3.52019
    ],
    [
        -0.20768,
        0.18147,
        3.44124
    ],
    [
        -0.24539,
        0.26147,
        3.49344
    ],
    [
        -0.1588,
        0.26737,
        3.30718
    ],
    [
        -0.29908,
        0.22084,
        3.1985
    ],
    [
        -0.32281,
        0.00496,
        3.30153
    ],
    [
        -0.21074,
        -0.03669,
        3.38922
    ],
    [
        -0.09867,
        -0.07834,
        3.4769
    ],
    [
        -0.10328,
        -0.10201,
        3.47567
    ],
    [
        -0.10789,
        -0.12568,
        3.47444
    ],
    [
        -0.22583,
        -0.10711,
        3.53455
    ],
    [
        -0.2571,
        0.04415,
        3.45394
    ],
    [
        -0.18408,
        -0.09951,
        3.46399
    ],
    [
        -0.20482,
        -0.1901,
        3.39103
    ],
    [
        -0.05195,
        -0.37989,
        3.4144
    ],
    [
        -0.10241,
        -0.14547,
        3.57116
    ],
    [
        0.06081,
        -0.19828,
        3.59919
    ],
    [
        -0.03814,
        -0.21254,
        3.74359
    ],
    [
        -0.13709,
        -0.22681,
        3.88799
    ],
    [
        -0.22133,
        -0.07811,
        3.66805
    ],
    [
        -0.30558,
        0.07059,
        3.44811
    ],
    [
        -0.22554,
        -0.05547,
        3.55024
    ],
    [
        -0.17968,
        -0.10764,
        3.60366
    ],
    [
        -0.11639,
        -0.23163,
        3.7053
    ],
    [
        0.04676,
        -0.17079,
        3.66183
    ],
    [
        0.01837,
        -0.31945,
        3.64683
    ],
    [
        0.22871,
        -0.28994,
        3.51713
    ],
    [
        0.22064,
        -0.27173,
        3.34157
    ],
    [
        0.271,
        -0.1926,
        3.46242
    ],
    [
        0.30449,
        -0.1808,
        3.58366
    ],
    [
        0.28521,
        -0.00764,
        3.6753
    ],
    [
        0.29034,
        0.06663,
        3.53105
    ],
    [
        0.29546,
        0.14089,
        3.38681
    ],
    [
        0.33892,
        0.10604,
        3.52546
    ],
    [
        0.2448,
        0.19044,
        3.66401
    ],
    [
        0.14031,
        0.17402,
        3.7409
    ],
    [
        0.03581,
        0.15761,
        3.8178
    ],
    [
        -0.01186,
        0.34569,
        3.68636
    ],
    [
        -0.0417,
        0.36228,
        3.57421
    ],
    [
        -0.07154,
        0.37888,
        3.46206
    ],
    [
        -0.00858,
        0.12032,
        3.59006
    ],
    [
        -0.16882,
        0.15334,
        3.7284
    ],
    [
        -0.1757,
        0.15754,
        3.77324
    ],
    [
        -0.18258,
        0.16174,
        3.81808
    ],
    [
        -0.18946,
        0.16593,
        3.86292
    ],
    [
        -0.13622,
        0.00524,
        3.7948
    ],
    [
        0.00564,
        -0.07965,
        3.7831
    ],
    [
        0.14751,
        -0.16453,
        3.77141
    ],
    [
        0.04908,
        -0.08451,
        3.92901
    ],
    [
        0.05056,
        -0.06387,
        4.15307
    ],
    [
        0.09996,
        -0.05903,
        3.95444
    ],
    [
        0.14937,
        -0.05418,
        3.75582
    ],
    [
        0.18339,
        -0.01852,
        3.83061
    ],
    [
        0.21741,
        0.01714,
        3.90541
    ],
    [
        0.19891,
        0.05703,
        3.92549
    ],
    [
        0.18042,
        0.09692,
        3.94558
    ],
    [
        0.16193,
        0.13681,
        3.96566
    ],
    [
        0.14343,
        0.17671,
        3.98574
    ],
    [
        0.12494,
        0.2166,
        4.00582
    ],
    [
        0.04142,
        0.1905,
        3.99449
    ],
    [
        -0.0421,
        0.16439,
        3.98317
    ],
    [
        -0.08843,
        0.1297,
        3.87565
    ],
    [
        -0.13476,
        0.09502,
        3.76813
    ],
    [
        -0.1015,
        0.19252,
        3.94555
    ],
    [
        -0.09859,
        0.02,
        4.07282
    ],
    [
        -0.05257,
        0.14488,
        4.16573
    ],
    [
        -0.12682,
        0.09041,
        4.10783
    ],
    [
        -0.20107,
        0.03594,
        4.04992
    ],
    [
        -0.19047,
        0.14078,
        3.96655
    ],
    [
        -0.17393,
        0.0126,
        3.77837
    ],
    [
        -0.14002,
        0.08595,
        3.45193
    ],
    [
        -0.14892,
        0.06232,
        3.33599
    ],
    [
        -0.32839,
        -0.03587,
        3.32981
    ],
    [
        -0.31359,
        -0.11889,
        3.35506
    ],
    [
        -0.29879,
        -0.20191,
        3.38031
    ],
    [
        -0.32676,
        -0.14338,
        3.51196
    ],
    [
        -0.28108,
        -0.11569,
        3.6362
    ],
    [
        -0.23541,
        -0.08799,
        3.76044
    ],
    [
        -0.18974,
        -0.0603,
        3.88468
    ],
    [
        -0.14407,
        -0.03261,
        4.00892
    ],
    [
        -0.02439,
        0.092,
        4.10951
    ],
    [
        -0.08922,
        0.06988,
        4.12247
    ],
    [
        -0.12352,
        -0.1601,
        4.00592
    ],
    [
        -0.04828,
        -0.11779,
        3.82432
    ],
    [
        0.00924,
        -0.15693,
        3.8281
    ],
    [
        0.06676,
        -0.19607,
        3.83187
    ],
    [
        0.00101,
        -0.18273,
        3.93534
    ],
    [
        0.04617,
        -0.167,
        3.96126
    ],
    [
        0.09133,
        -0.15127,
        3.98717
    ],
    [
        0.13956,
        -0.08314,
        4.08982
    ],
    [
        0.1878,
        -0.01502,
        4.19246
    ],
    [
        0.20822,
        -0.04817,
        4.05745
    ],
    [
        0.22865,
        -0.08132,
        3.92243
    ],
    [
        0.22786,
        -0.06007,
        3.89898
    ],
    [
        0.22707,
        -0.03882,
        3.87553
    ],
    [
        0.22628,
        -0.01757,
        3.85209
    ],
    [
        0.28223,
        0.0983,
        3.89706
    ],
    [
        0.17224,
        0.129,
        3.74917
    ],
    [
        0.02765,
        0.31367,
        3.74566
    ],
    [
        -0.13738,
        0.18425,
        3.66986
    ],
    [
        0.0856,
        0.22306,
        3.78955
    ],
    [
        0.12542,
        0.27285,
        3.89822
    ],
    [
        0.19804,
        0.20591,
        3.75221
    ],
    [
        0.31997,
        0.05469,
        3.76064
    ],
    [
        0.31966,
        -0.04206,
        3.73728
    ],
    [
        0.12021,
        -0.08224,
        3.72216
    ],
    [
        0.23138,
        -0.24153,
        3.60277
    ],
    [
        0.20951,
        -0.10015,
        3.75908
    ],
    [
        0.2358,
        -0.19167,
        3.90002
    ],
    [
        0.1289,
        -0.17511,
        3.93095
    ],
    [
        0.022,
        -0.15855,
        3.96187
    ],
    [
        -0.0849,
        -0.14199,
        3.99279
    ],
    [
        -0.11187,
        -0.09872,
        3.9662
    ],
    [
        -0.19492,
        -0.01746,
        3.81587
    ],
    [
        -0.16255,
        -0.13959,
        3.67135
    ],
    [
        -0.13019,
        -0.26172,
        3.52684
    ],
    [
        -0.06641,
        -0.15403,
        3.44948
    ],
    [
        -0.13655,
        -0.30403,
        3.21841
    ],
    [
        -0.13631,
        -0.12377,
        3.14198
    ],
    [
        -0.17618,
        -0.15617,
        2.95687
    ],
    [
        -0.21605,
        -0.18856,
        2.77176
    ],
    [
        -0.15158,
        -0.13764,
        2.98335
    ],
    [
        -0.28362,
        -0.18597,
        2.88966
    ],
    [
        -0.42481,
        -0.16117,
        3.05166
    ],
    [
        -0.4442,
        -0.06226,
        2.96422
    ],
    [
        -0.44004,
        0.1277,
        2.87576
    ],
    [
        -0.28683,
        0.11883,
        2.81337
    ],
    [
        -0.41326,
        0.08429,
        2.68483
    ],
    [
        -0.43743,
        0.05876,
        2.59072
    ],
    [
        -0.46161,
        0.03324,
        2.49662
    ],
    [
        -0.3203,
        -0.18442,
        2.36859
    ],
    [
        -0.4567,
        -0.14461,
        2.26801
    ],
    [
        -0.41562,
        -0.14512,
        2.42496
    ],
    [
        -0.54112,
        -0.11671,
        2.2718
    ],
    [
        -0.44221,
        -0.03957,
        2.14496
    ],
    [
        -0.37566,
        -0.1999,
        2.07543
    ],
    [
        -0.53463,
        -0.22075,
        1.90562
    ],
    [
        -0.49159,
        -0.3058,
        1.7513
    ],
    [
        -0.59443,
        -0.386,
        1.75215
    ],
    [
        -0.63364,
        -0.3996,
        1.56115
    ],
    [
        -0.55533,
        -0.25382,
        1.57991
    ],
    [
        -0.57414,
        -0.11425,
        1.6047
    ],
    [
        -0.56533,
        0.02925,
        1.71976
    ],
    [
        -0.59345,
        0.0509,
        1.86051
    ],
    [
        -0.61777,
        0.02604,
        1.87614
    ],
    [
        -0.64208,
        0.00117,
        1.89176
    ],
    [
        -0.6664,
        -0.02369,
        1.90738
    ],
    [
        -0.39505,
        0.09221,
        1.83853
    ],
    [
        -0.66367,
        0.04773,
        1.59889
    ],
    [
        -0.75639,
        -0.00256,
        1.48173
    ],
    [
        -0.77041,
        -0.00612,
        1.2851
    ],
    [
        -0.80465,
        0.2503,
        1.41115
    ],
    [
        -0.62702,
        0.15301,
        1.51398
    ],
    [
        -0.64218,
        0.11015,
        1.59829
    ],
    [
        -0.51973,
        0.19486,
        1.76986
    ],
    [
        -0.57357,
        0.28822,
        1.90048
    ],
    [
        -0.61428,
        0.1762,
        2.03597
    ],
    [
        -0.61905,
        0.0914,
        2.07821
    ],
    [
        -0.39167,
        0.089,
        1.92593
    ],
    [
        -0.59671,
        -0.10593,
        1.83057
    ],
    [
        -0.58435,
        -0.15487,
        1.7417
    ],
    [
        -0.72491,
        -0.36333,
        1.56782
    ],
    [
        -0.71037,
        -0.54374,
        1.55814
    ],
    [
        -0.50285,
        -0.58607,
        1.57624
    ],
    [
        -0.40072,
        -0.56412,
        1.69491
    ],
    [
        -0.39157,
        -0.43843,
        1.7935
    ],
    [
        -0.24968,
        -0.51286,
        1.92654
    ],
    [
        -0.3159,
        -0.48588,
        2.06956
    ],
    [
        -0.31685,
        -0.27185,
        2.12469
    ],
    [
        -0.37213,
        -0.06252,
        2.05458
    ],
    [
        -0.42741,
        0.14681,
        1.98447
    ],
    [
        -0.48269,
        0.35614,
        1.91436
    ],
    [
        -0.41377,
        0.49356,
        1.86173
    ],
    [
        -0.4016,
        0.58982,
        1.96064
    ],
    [
        -0.28,
        0.65138,
        1.87957
    ],
    [
        -0.2039,
        0.66108,
        1.818
    ],
    [
        -0.04156,
        0.75061,
        1.70335
    ],
    [
        0.06685,
        0.72754,
        1.57142
    ],
    [
        -0.05954,
        0.80374,
        1.48547
    ],
    [
        0.02942,
        0.74859,
        1.31146
    ],
    [
        -0.13878,
        0.77766,
        1.16311
    ],
    [
        -0.10785,
        0.83815,
        0.97228
    ],
    [
        -0.04288,
        0.85429,
        1.15481
    ],
    [
        -0.09502,
        0.7201,
        1.181
    ],
    [
        -0.30683,
        0.76692,
        1.18285
    ],
    [
        -0.4142,
        0.68664,
        1.29352
    ],
    [
        -0.51767,
        0.68092,
        1.37068
    ],
    [
        -0.39971,
        0.82712,
        1.47978
    ],
    [
        -0.39424,
        0.61582,
        1.52882
    ],
    [
        -0.3748,
        0.71128,
        1.44079
    ],
    [
        -0.35536,
        0.80674,
        1.35275
    ],
    [
        -0.60033,
        0.76225,
        1.31055
    ],
    [
        -0.6654,
        0.6724,
        1.21453
    ],
    [
        -0.65919,
        0.61611,
        1.09886
    ],
    [
        -0.64899,
        0.37659,
        0.96245
    ],
    [
        -0.72706,
        0.56085,
        0.90508
    ],
    [
        -0.58233,
        0.60172,
        0.99954
    ],
    [
        -0.48355,
        0.59408,
        1.18611
    ],
    [
        -0.42521,
        0.57634,
        1.31962
    ],
    [
        -0.32707,
        0.47786,
        1.4839
    ],
    [
        -0.2396,
        0.58348,
        1.41675
    ],
    [
        -0.15213,
        0.6891,
        1.3496
    ],
    [
        0.01607,
        0.60815,
        1.18819
    ],
    [
        0.07621,
        0.65992,
        1.15529
    ],
    [
        0.25644,
        0.76786,
        1.08155
    ],
    [
        0.34705,
        0.67586,
        0.91961
    ],
    [
        0.58119,
        0.59654,
        0.98677
    ],
    [
        0.38604,
        0.68258,
        1.13875
    ],
    [
        0.45387,
        0.59392,
        1.28733
    ],
    [
        0.40193,
        0.76363,
        1.36686
    ],
    [
        0.24196,
        0.84779,
        1.41849
    ],
    [
        0.24391,
        0.80128,
        1.44809
    ],
    [
        0.11818,
        0.6391,
        1.3674
    ],
    [
        0.29806,
        0.64773,
        1.49315
    ],
    [
        0.35886,
        0.82206,
        1.40517
    ],
    [
        0.39513,
        0.62499,
        1.44991
    ],
    [
        0.27271,
        0.56113,
        1.58821
    ],
    [
        0.3763,
        0.59263,
        1.79014
    ],
    [
        0.38293,
        0.56187,
        1.88971
    ],
    [
        0.38956,
        0.53111,
        1.98929
    ],
    [
        0.25315,
        0.57788,
        1.79977
    ],
    [
        0.11674,
        0.62465,
        1.61026
    ],
    [
        0.02157,
        0.72719,
        1.74417
    ],
    [
        -0.00667,
        0.66583,
        1.90156
    ],
    [
        0.02743,
        0.67016,
        2.01207
    ],
    [
        -0.03669,
        0.41623,
        2.13252
    ],
    [
        0.01913,
        0.45947,
        2.24989
    ],
    [
        0.06845,
        0.56521,
        2.44184
    ],
    [
        0.24447,
        0.55926,
        2.36849
    ],
    [
        0.2757,
        0.45888,
        2.19823
    ],
    [
        0.31618,
        0.33102,
        2.10142
    ],
    [
        0.43732,
        0.31715,
        2.04469
    ],
    [
        0.56074,
        0.1779,
        2.0125
    ],
    [
        0.43226,
        0.06907,
        1.8946
    ],
    [
        0.541,
        -0.05919,
        1.86046
    ],
    [
        0.70602,
        -0.21556,
        1.79961
    ],
    [
        0.58086,
        -0.3125,
        1.72326
    ],
    [
        0.69482,
        -0.36329,
        1.74461
    ],
    [
        0.69603,
        -0.57769,
        1.58353
    ],
    [
        0.77647,
        -0.53105,
        1.52544
    ],
    [
        0.84529,
        -0.37901,
        1.42713
    ],
    [
        0.79594,
        -0.15397,
        1.42592
    ],
    [
        0.76402,
        -0.12863,
        1.49951
    ],
    [
        0.70026,
        -0.0211,
        1.57939
    ],
    [
        0.63651,
        0.08643,
        1.65928
    ],
    [
        0.70925,
        0.2188,
        1.71569
    ],
    [
        0.69963,
        0.26814,
        1.87433
    ],
    [
        0.60961,
        0.34659,
        1.94127
    ],
    [
        0.43439,
        0.38312,
        2.03206
    ],
    [
        0.37937,
        0.5774,
        2.00392
    ],
    [
        0.27098,
        0.37023,
        2.166
    ],
    [
        0.50327,
        0.29219,
        2.21953
    ],
    [
        0.54201,
        0.18156,
        2.26342
    ],
    [
        0.52124,
        0.12892,
        2.44253
    ],
    [
        0.44638,
        -0.02534,
        2.34982
    ],
    [
        0.47423,
        -0.18448,
        2.46771
    ],
    [
        0.43015,
        -0.30172,
        2.29191
    ],
    [
        0.41205,
        -0.43682,
        2.32949
    ],
    [
        0.43835,
        -0.43833,
        2.09905
    ],
    [
        0.54514,
        -0.32421,
        2.07636
    ],
    [
        0.55995,
        -0.47948,
        1.87298
    ],
    [
        0.59225,
        -0.37053,
        1.76186
    ],
    [
        0.76828,
        -0.4529,
        1.60525
    ],
    [
        0.63543,
        -0.36159,
        1.56697
    ],
    [
        0.75418,
        -0.15145,
        1.56258
    ],
    [
        0.70829,
        -0.046,
        1.5332
    ],
    [
        0.66512,
        0.10447,
        1.59296
    ],
    [
        0.72609,
        0.19538,
        1.61484
    ],
    [
        0.679,
        0.39278,
        1.60129
    ],
    [
        0.73723,
        0.22509,
        1.48729
    ],
    [
        0.76019,
        0.09943,
        1.22373
    ],
    [
        0.79393,
        0.20951,
        0.97099
    ],
    [
        0.73084,
        0.13044,
        0.9142
    ],
    [
        0.76292,
        -0.07523,
        0.90206
    ],
    [
        0.71957,
        -0.21244,
        0.93923
    ],
    [
        0.67622,
        -0.34965,
        0.9764
    ],
    [
        0.63183,
        -0.57401,
        1.02175
    ],
    [
        0.5292,
        -0.50951,
        1.21296
    ],
    [
        0.45454,
        -0.63841,
        1.29802
    ],
    [
        0.54016,
        -0.76396,
        1.39227
    ],
    [
        0.34133,
        -0.84744,
        1.41367
    ],
    [
        0.40267,
        -0.77103,
        1.23228
    ],
    [
        0.24659,
        -0.83848,
        1.15953
    ],
    [
        0.0905,
        -0.90593,
        1.08678
    ],
    [
        0.17361,
        -0.8652,
        1.30479
    ],
    [
        0.12651,
        -0.74224,
        1.46906
    ],
    [
        0.06182,
        -0.67472,
        1.58975
    ],
    [
        0.10548,
        -0.70808,
        1.73458
    ],
    [
        -0.14876,
        -0.65885,
        1.77247
    ],
    [
        -0.22115,
        -0.55206,
        1.79903
    ],
    [
        -0.3452,
        -0.41608,
        1.91502
    ],
    [
        -0.42126,
        -0.39453,
        2.11283
    ],
    [
        -0.26176,
        -0.52442,
        2.08701
    ],
    [
        -0.17551,
        -0.37617,
        2.22789
    ],
    [
        -0.04121,
        -0.41121,
        2.31064
    ],
    [
        0.0616,
        -0.52318,
        2.35086
    ],
    [
        0.05547,
        -0.48419,
        2.5707
    ],
    [
        0.19269,
        -0.50245,
        2.66082
    ],
    [
        0.33152,
        -0.50018,
        2.62117
    ],
    [
        0.35199,
        -0.41386,
        2.7747
    ],
    [
        0.35568,
        -0.35276,
        2.8764
    ],
    [
        0.37063,
        -0.35428,
        2.87118
    ],
    [
        0.38557,
        -0.3558,
        2.86596
    ],
    [
        0.48037,
        -0.26362,
        2.94045
    ],
    [
        0.39938,
        -0.22646,
        3.11659
    ],
    [
        0.52199,
        -0.0303,
        3.15601
    ],
    [
        0.42434,
        0.01292,
        3.01472
    ],
    [
        0.39412,
        0.11925,
        2.93659
    ],
    [
        0.3639,
        0.22558,
        2.85847
    ],
    [
        0.32401,
        0.3767,
        2.7994
    ],
    [
        0.23426,
        0.439,
        2.63607
    ],
    [
        0.32064,
        0.52061,
        2.52796
    ],
    [
        0.29795,
        0.56942,
        2.38216
    ],
    [
        0.20147,
        0.46513,
        2.30248
    ],
    [
        0.27951,
        0.602,
        2.10187
    ],
    [
        0.20144,
        0.60544,
        1.9066
    ],
    [
        0.09059,
        0.76957,
        1.78902
    ],
    [
        0.06049,
        0.76484,
        1.63141
    ],
    [
        -0.03296,
        0.65861,
        1.79218
    ],
    [
        -0.13918,
        0.6153,
        1.90868
    ]
]